298818
67236
25725
12868
10545
9700
8371
5634
4829
3665
3518
2976
1693
1072
773
765
640
541
520
342
326
315
311
260
255
229
206
180
179
171
154
147
139
135
126
88
85
71
69
60
52
49
49
46
45
39
33
32
31
27
25
25
24
24
23
23
23
22
22
21
21
21
20
20
19
18
17
17
17
17
17
16
16
16
16
15
15
15
15
14
14
14
13
13
13
13
12
12
12
11
11
11
11
11
11
10
10
10
10
10
10
10
9
9
9
9
9
9
9
9
9
9
9
9
9
8
8
8
8
8
8
8
8
8
8
8
8
8
7
7
7
7
7
7
7
7
7
7
7
6
6
6
6
6
6
6
6
6
6
6
6
6
6
6
6
6
6
6
6
5
5
5
5
5
5
5
5
5
5
5
5
5
5
5
5
5
5
5
5
5
5
5
5
5
5
5
5
4
4
4
4
4
4
4
4
4
4
4
4
4
4
4
4
4
4
4
3
3
3
3
3
3
3
3
3
3
3
3
3
3
3
3
3
3
3
3
3
3
3
3
3
3
3
2
2
2
2
2
2
