3022319
3007070
2916773
2473550
2212983
1897583
1435084
1165404
595505
433046
420470
409583
399639
312975
194184
176527
148524
125272
115081
106165
84742
67097
35306
29030
27928
26848
25706
24864
23522
14283
8656
6687
4156
3345
2829
2567
2298
1639
1486
1236
1159
1128
1086
1018
1012
871
698
693
664
661
640
619
615
579
520
490
408
400
393
387
349
328
313
264
246
246
245
243
228
223
148
146
141
126
124
115
102
101
95
87
84
80
77
70
68
62
58
54
53
49
48
40
39
38
37
35
35
33
33
32
31
30
30
30
29
28
27
26
25
24
22
22
22
22
21
21
21
21
20
19
19
19
19
19
18
17
17
16
16
16
15
15
15
14
14
14
14
14
14
14
14
13
13
13
13
13
12
12
12
12
12
12
11
11
11
11
11
11
11
11
10
10
10
10
10
10
10
10
10
10
10
10
10
9
9
9
9
9
9
9
9
9
9
9
9
9
9
9
9
9
9
9
9
9
9
9
8
8
8
8
8
8
8
8
8
8
8
8
8
8
8
8
8
8
8
8
7
7
7
7
7
7
7
7
7
7
7
7
7
7
7
7
7
7
7
7
7
7
7
7
7
7
7
7
6
6
6
6
6
6
6
6
6
6
6
6
6
6
6
6
6
6
6
6
6
6
6
6
6
6
6
6
6
6
6
6
6
6
6
6
6
6
6
6
5
5
5
5
5
5
5
5
5
5
5
5
5
5
5
5
5
5
5
5
5
5
5
5
5
4
4
4
4
4
4
4
4
4
4
4
4
4
4
4
4
4
4
4
4
4
4
4
4
4
4
4
4
4
4
4
4
4
4
4
4
4
4
4
4
4
4
4
4
3
3
3
3
3
3
3
3
3
3
3
3
3
3
3
3
3
3
3
3
3
3
3
3
3
3
3
3
3
3
3
3
3
2
2
2
2
2
2
2
2
2
2
2
2
1
